<html><head><title>Match tables</title><link rel="stylesheet" href="styles.css"></head>
<body>
<div>

<table>
    <tr><td colspan="7"><h1>Common Matches Table</h1></td></tr>
    <tr><td>&nbsp;</td></td><td>1</td><td>2</td><td>3</td><td>4</td><td>5</td><td>6</td></tr>
    <tr><td>1</td><td>11188</td><td>2193</td><td>3068</td><td>3133</td><td>3128</td><td>5374</td></tr>
    <tr><td>2</td><td>2193</td><td>10344</td><td>2505</td><td>2555</td><td>2548</td><td>2231</td></tr>
    <tr><td>3</td><td>3068</td><td>2505</td><td>9309</td><td>9289</td><td>9292</td><td>4386</td></tr>
    <tr><td>4</td><td>3133</td><td>2555</td><td>9289</td><td>9473</td><td>9448</td><td>4472</td></tr>
    <tr><td>5</td><td>3128</td><td>2548</td><td>9292</td><td>9448</td><td>9451</td><td>4463</td></tr>
    <tr><td>6</td><td>5374</td><td>2231</td><td>4386</td><td>4472</td><td>4463</td><td>11053</td></tr>
</table></div></body></html>